psnr:38.57743898551627
ssim:0.9920615676903464